x = linspace(0.01, 10, 500);
rsv = [0.975959 0.975504 0.974584 0.973143 0.971093 0.968315 0.964653 0.959909 0.953837 0.946145 0.936495 0.924525 0.909883 0.892281 0.871573 0.847838 0.821446 0.79308 0.763684 0.734344 0.706141 0.68001 0.65666 0.636555 0.619947 0.606934 0.597523 0.591675 0.589343 0.590485 0.595079 0.603115 0.61459 0.629492 0.647763 0.669255 0.693657 0.720396 0.748502 0.776396 0.801418 0.818273 0.818782 0.805211 0.785247 0.761771 0.735738 0.707719 0.678298 0.648159 0.618034 0.588611 0.560423 0.533804 0.508884 0.485628 0.463896 0.443496 0.424223 0.405895 0.388364 0.371527 0.355325 0.339738 0.324786 0.310519 0.297017 0.284385 0.27275 0.262242 0.252933 0.24502 0.238767 0.234358 0.231942 0.231631 0.233488 0.237521 0.243685 0.251887 0.262 0.273877 0.287366 0.302316 0.318591 0.336074 0.354676 0.374343 0.395057 0.416735 0.439159 0.462318 0.486344 0.511333 0.537316 0.503097 0.395018 0.32936 0.292536 0.268685 0.250064 0.233481 0.217719 0.202361 0.187312 0.17262 0.158422 0.144931 0.132449 0.121395 0.112305 0.105817 0.102559 0.102971 0.107137 0.114763 0.125317 0.138207 0.152874 0.168666 0.177263 0.166355 0.154542 0.143027 0.132078 0.121965 0.113025 0.105679 0.100411 0.0977043 0.0979242 0.101206 0.107418 0.116233 0.127242 0.140045 0.154302 0.169737 0.18614 0.203356 0.221305 0.240052 0.260099 0.268935 0.254435 0.240513 0.226812 0.213136 0.199261 0.18461 0.169091 0.154621 0.141182 0.12831 0.115959 0.104301 0.0936554 0.0844884 0.0774216 0.0711948 0.0669199 0.0663291 0.0695962 0.0762911 0.0856616 0.0969678 0.10963 0.123234 0.137485 0.152162 0.167088 0.182091 0.196992 0.211577 0.225588 0.238713 0.250603 0.260913 0.269371 0.275861 0.280501 0.283666 0.285947 0.288016 0.290432 0.293647 0.298168 0.281881 0.211644 0.181838 0.163665 0.148285 0.133426 0.118574 0.103655 0.0887086 0.0738345 0.0592282 0.0453716 0.0335775 0.0272532 0.0306051 0.0417695 0.0565613 0.0727106 0.0859677 0.0810252 0.0691169 0.0562672 0.0430627 0.029666 0.0162905 0.00528848 0.0135426 0.0273124 0.0415804 0.0560767 0.0707413 0.0855481 0.100481 0.115528 0.130683 0.145957 0.161403 0.177153 0.193424 0.210488 0.228815 0.24624 0.230364 0.213446 0.198543 0.184278 0.169757 0.155112 0.141393 0.128386 0.115592 0.102868 0.0902499 0.0778626 0.0659337 0.0548799 0.0454821 0.039114 0.0375233 0.0345439 0.0297578 0.0310124 0.0376877 0.0474276 0.0584154 0.0694372 0.0793836 0.0870467 0.0913494 0.0919285 0.0895592 0.0859078 0.0828269 0.0817696 0.0835349 0.088279 0.0957146 0.105366 0.116756 0.129483 0.143238 0.15779 0.172973 0.18869 0.204904 0.221467 0.23821 0.208321 0.152894 0.132399 0.118459 0.105707 0.0930735 0.0803461 0.0675209 0.0546922 0.0419448 0.0293221 0.0170588 0.0073747 0.0122602 0.0239576 0.0361308 0.0476466 0.0561027 0.0561921 0.0503556 0.0440208 0.0394875 0.0381592 0.0406368 0.0464466 0.0546071 0.0642731 0.074893 0.0861341 0.0977954 0.109751 0.121918 0.134242 0.146692 0.159295 0.172266 0.186359 0.202632 0.215701 0.170273 0.149951 0.14524 0.152312 0.177464 0.177511 0.132309 0.113765 0.100404 0.0877966 0.0752431 0.0626882 0.0502347 0.0381572 0.0272313 0.0199145 0.0210118 0.0300881 0.0309412 0.0252789 0.0281667 0.0394416 0.0550426 0.0676305 0.0661653 0.0524551 0.0371259 0.0248804 0.0184043 0.0208857 0.0296108 0.0407337 0.0528642 0.0655493 0.0785986 0.0919065 0.1054 0.11902 0.132718 0.146491 0.160621 0.176981 0.200802 0.223874 0.235 0.157577 0.134636 0.121077 0.108969 0.0970197 0.0850149 0.0729787 0.0609991 0.0491137 0.0372966 0.025522 0.0137825 0.00274845 0.0108853 0.023346 0.0364317 0.0502492 0.0606277 0.0642125 0.0626171 0.0603035 0.0585829 0.0582558 0.0596879 0.0629017 0.0676943 0.0737647 0.0808319 0.0888505 0.0988087 0.112698 0.122349 0.100514 0.0775424 0.0562759 0.0347449 0.0127507 0.00975365 0.0327759 0.0563273 0.080408 0.105061 0.130606 0.148923 0.120474 0.106155 0.0940085 0.0821327 0.0702048 0.0581645 0.0460004 0.0337097 0.0213067 0.00896308 0.00543008 0.0179081 0.0313852 0.0303155 0.0159949 0.0190906 0.052903 0.142569 0.239601 0.0947563 0.0614806 0.0401996 0.0225211 0.0105078 0.0185877 0.0344746 0.0512731 0.0682816 0.0854032 0.102669 0.113772 0.12402 0.134832 0.146274 0.158672 0.173397 0.196863 0.262011 0.36743 0.174501 0.135353 0.121349 0.108432 0.0952813 0.0826822 0.0708148 0.059325 0.0478855 0.0363853 0.0248132 0.0131757 0.00200907 0.0108146 0.0229642 0.0354577 0.0207422 0.0201192 0.0352695 0.0550815 0.0768786 0.0969729 0.0900282 0.088529 0.0882179 0.0873762 0.0861606 0.0854752 0.0863571 0.087232 0.0851132 0.0818929 0.0806888 0.0743853 0.0675859 0.0655372 0.0687084 0.0765965 0.0881213 0.102253 0.118314 0.136034 0.15508 0.153477 0.115172 0.0992491 0.0870952 0.0755373 0.0640195 0.0524452 0.0407948 0.0290664 0.0172749 0.00563828 0.00730862 0.0193581 0.0318357 0.0417048 0.0237093];
